17306703
12204321
7480237
3027267
8836069
10478162
17559755
2115755
20120791
9597244
2679241
6126752
19378223
5024196
7821128
19781053
10732656
20395080
10772184
15913526
9862296
9892304
22537617
17055622
10776742
17285269
11506215
4116227
12111764
11354236
10503585
1346877
15587100
20372900
22330025
14996876
6800046
20519098
7912878
1600972
3550455
2941771
10852325
22137804
16603606
14600693
12297935
16703653
16921033
8021437
8558223
16042639
15889312
20483664
20434660
8923094
3045781
17068392
9579718
1666199
18684735
11521801
15778725
19686407
18383539
20120790
9713447
9892450
2641980
7868849
12095666
16039333
12208593
22467697
17708384
10791373
17557771
3050005
10411250
4400046
4295135
21289017
11761026
9390588
10891632
16253978
1909052
3882899
10080304
21641021
20952244
13678871
12810472
12106622
9832666
9385238
16805934
10630854
9651405
15679233
2180557
21051772
17635971
12232756
11505416
19566557
14697435
8942885
11211636
16522392
17013478
17617808
16599263
8112188
14762867
16555167
2563616
12583942
14563183
12870162
9602984
16415708
17656420
10421835
2070391
15811052
10973392
2092977
16864814
10633742
7658286
17468653
392622
17846258
8916821
17347187
21256809
2200263
19560810
11050257
9552709
8957147
15278040
6943157
17115429
17974365
16024184
18639221
17601803
15976214
2244610
1621796
10163527
17101314
16574123
15232342
19176895
18652967
16267192
12066638
20598577
16259175
2792781
10025747
20581649
10530535
21316972
6778335
19325515
9733274
8625660
9231212
4892489
2711281
17651705
14504022
1055598
19944891
17613583
11807347
17671015
21205128
8904157
6753092
6753091
1389189
18440617
9521027
10959787
20575820
8942464
9809861
18772208
10622478
18047871
9031821
5075488
16823067
19853518
4669179
7945822
18586813
9582043
9006705
18996930
7838644
16674744
9345358
10841179
7035687
9308074
10863061
11286448
14665609
15955759
9291744
17397426
11157692
3653081
17145251
8417384
9328304
11252361
16780480
1487623
9715201
21526229
16881426
3182439
17560476
819598
8620132
17683577
2115186
9074572
12643006
15351864
7893297
16352882
16566626
12970006
180197
12634020
11156038
16813773
1095246
19349934
17645559
11387540
14987884
20398112
18270568
7950836
15196155
1351276
10562690
11593835
3814966
17393191
1181361
17933414
8737130
7568388
8186137
16371154
16044026
8881789
7672178
11231856
8560536
7477798
11854798
10325828
15321815
15881476
17218570
17967712
15028546
7598058
15534239
10757573
17983881
19483447
19634161
1632399
12433510
9544598
9197351
11892685
8381259
11206600
10840251
18033724
21248399
20923485
15935015
2463565
9649976
17267927
11106136
9649979
11846197
11264206
10800385
17055300
16028125
8320510
19092112
16160624
15794968
16078954
9060567
8760546
4710458
10628598
19936370
11848548
2520394
20565333
10986030
18289334
12789682
12633912
15234509
12787692
7956585
7497762
7026707
15573828
8761382
21649623
9923060
15743283
22527786
3545354
9014909
19271419
10606936
15121121
11552215
17010115
7025555
8374882
10360912
1967729
15888514
12444816
10029956
17203530
9346982
11030499
2492286
16415711
19551353
9434669
7718260
19349308
16704676
15649575
1370735
14686958
7608448
10582503
15983684
20211323
18193194
17974883
10596735
9466083
15960563
4434039
16645532
12205647
21219392
17289483
19588640
1411095
18046028
1444727
11527475
8529341
2179176
421518
17206496
17034446
15528909
19397667
7734458
7832348
2337212
17905960
11898244
18608103
16125588
20505173
18467717
9609364
4577070
21955098
11960538
10102097
17119800
666305
16749570
15224704
16078300
14966096
11401657
12846911
11837827
8671131
15811482
17350216
16634838
10899092
19125084
2986562
18558641
8359923
1389192
350499
21593370
9142008
11063500
16304122
9916664
19288942
16002810
8636173
788768
15101598
12072853
16432349
19438472
18673417
19247545
19283791
10781212
11691528
19412843
5476865
21118309
19302904
11203735
12367545
8095779
15995051
15953905
15716246
7849445
3299393
3521717
3133616
16265829
10948819
18195176
15919846
12734133
17409323
10364900
20416952
8029650
10230950
16222197
12934420
18256393
18161613
9730996
21180275
12393308
8583218
10640840
1350400
3324648
18083724
15197140
15871318
17555693
19644849
19926634
21698991
11111630
2015715
12660125
351218
1251139
14695863
11993510
14695864
1489129
14503094
9882058
10404920
12401734
7595738
2181158
16284796
17340027
12610718
2367299
8401358
17350966
12590404
7659614
16895639
21187618
15667387
8489326
16085619
22736448
1557484
10872909
21206792
7475716
15482245
2463406
3797397
10641576
7050403
7571704
12936972
2505304
21499018
7775364
20006169
15026508
10851672
10362181
15584584
12169073
11061767
16740868
7972781
17923296
16826092
1448739
12851185
18269664
15130977
20224376
8667274
16713457
8834820
12399675
1827106
14581707
17911992
10973645
10759937
15860827
21563715
9935002
17943623
17383291
15368619
10562483
11895960
224083
18283231
15159264
15200743
6141377
16697153
11759645
6211994
12149603
8941460
8263318
1651304
20423755
18042987
18852400
3874932
18595969
8733702
12551829
12850677
4400318
17485570
18804577
138664
10379018
19213769
6766733
18248490
16229991
17472599
17130328
4584572
8121429
17080281
10556133
11030486
15229100
413493
9210677
8678103
11516093
10582982
15849470
10698809
11486442
646300
20739054
19400893
20855800
15986401
3512748
14623704
11452678
10437863
20128337
17303443
10606851
17008098
17277653
10694106
19124530
345174
20675729
10534546
20848004
12618946
20923446
108739
10550374
10936141
19135958
9892856
2534084
8630960
16902049
2111249
17661956
16391903
21310502
15163651
18393319
15232328
2220915
9842383
9632030
18799552
345533
16418156
10870853
345534
2446877
8668409
15512809
15602019
9081959
15785218
20233195
19925613
3057482
12450955
17591623
14523211
19358717
17362810
15868634
9308523
7539854
15545857
3225660
1962900
4101988
2884895
20831723
7752296
12671696
19801812
19761838
14693964
6470293
18311826
2807523
16087985
9207368
4107900
15741443
17279004
9701860
17872930
7484983
15183850
18281266
12815798
12269458
4899587
11305707
18047458
9250639
16495014
19460131
16495011
19420915
9519948
9740480
16648324
8997555
18980926
18299182
15096078
16547328
12716329
17133529
15894479
7574280
17681958
7032303
17296461
16645132
10653232
17493669
9526937
18457329
38176
10565799
17179056
12213688
19920718
16219012
10572324
8739664
15541982
14734066
14693413
16312705
1514331
12601664
15861940
19636254
16192478
11588611
7892015
15213472
10784079
17364418
15803229
8811136
11435337
19554136
11247684
18230389
16076335
16522914
1505371
15019322
8752791
18638040
8250430
11834991
10085281
17445831
10150324
7112052
11213071
11506402
8018452
11418253
7979527
9552047
15063521
6762044
17329271
16269029
2696507
2818259
11451697
8064733
9645412
1907447
16634720
17958625
308283
19092145
12920411
22329774
15903284
8228350
11380135
9762826
10982198
11800243
18417560
9607475
19840635
16622437
16942454
4605009
17614270
7585833
6166512
16393744
9776150
11888949
8350329
11842864
8245265
15284212
20808145
15162353
16963828
16823726
8429321
19365011
8854470
14116418
17940809
11606923
9950598
3157576
10421233
17277790
12142117
10725619
17011409
15515443
1096611
8156354
9667265
16180595
16281664
17493072
18605811
7452872
11241092
1991260
15735186
15735187
15735185
12362006
2102144
20688546
1955161
1968773
11868007
14967419
17485893
6322957
4209680
7000171
7697845
18671816
16816220
15920210
20215360
3066419
9153098
15963186
11847921
16679897
15208209
2669626
7846195
17408924
7822521
17635283
16524668
2196493
9848296
8671386
19167667
9583926
15735462
3898725
9309469
16207627
14505238
10716102
2688186
3180724
16297488
19389421
17011666
15681939
12771264
16834832
10488276
15787886
8026290
9701104
11878300
10320160
2403655
8105630
16798309
11515644
16550669
8118565
20037682
20926017
10866717
17723127
17328985
8803649
18420662
21263010
4164367
8946182
16099293
15824291
5536092
8602179
2068695
12066081
6362409
278700
3332675
17330681
17684881
11217907
19966341
17360794
21991951
8192112
10999118
18524761
10674661
19221130
3140864
15699479
15361407
14744178
10332518
20207411
9494455
20393175
8907138
7048776
11683740
10529020
17452988
20117594
18953552
1580295
17393189
15603634
10200704
16367987
7741850
18523643
19636011
19800680
11823268
2205947
6143970
8046193
17300592
7595716
12582801
17300595
14360845
15158629
18176223
9266623
20739728
7578986
8273321
1751456
12555294
9589816
8784014
16930145
16403107
11052557
12433764
10463751
16706244
6367781
19836904
7243513
6371879
21865944
11268714
8216115
11504286
21098343
17768009
12001006
6360110
20230348
10717252
15876944
12182290
7772359
11331315
8763594
15737849
17000884
12161081
15233841
6572128
9511837
6777314
16434254
16751063
8471679
20339911
9835826
11826229
8491012
6406886
3521443
2827398
4028630
11031403
6440704
16484584
19375278
15341550
16423095
19250367
17075109
10669276
7809832
7364189
14629842
9950107
16505178
16354710
2835836
15545697
1692228
8696724
7672152
21398006
20368196
19282246
11198705
15863547
15667429
3030650
327645
3149884
16933235
2872514
20104529
17276670
3279143
277627
19926502
16505262
12637400
11765071
17039098
15808032
12011773
19659665
8678385
19672930
11103176
12810924
16633359
11103179
15866255
10671804
7770260
15006999
18614482
9457094
16860624
12919237
9654256
15177489
15352143
15075657
16767058
16530916
18620949
20501583
12473698
17886555
9325826
9389686
19647206
10214783
9413414
18318728
9676903
8227238
2064591
12514144
19066368
18791356
15357262
17438255
18663165
15767643
10904462
9366727
8618182
1646490
1810359
1810358
12023410
21570870
16269638
17143593
11478009
2649156
2221162
9871816
20412605
12038883
3862040
14707887
9708578
3469030
19014549
16408299
14714845
17288694
14680078
9667702
6819596
20368852
9161943
2031046
10092916
17457160
1922250
17352751
18204830
8984939
12574809
8609945
14670885
3069760
12852722
278624
15277915
16566943
20102063
6416575
773416
16083171
3261548
11952661
17065538
15492552
2405749
1355798
8675164
8475558
14615654
16868976
21507049
19180337
12093941
798369
11841402
12456902
10526278
20380111
17964883
17344015
15195985
9517912
17199068
8959996
21342243
20362800
10569747
11830308
8152983
6728584
1453032
6700642
316459
18653034
10363611
3440987
20677024
6359995
16765532
7976095
3122189
10391165
21214623
19564902
384738
14760802
6288509
3526984
8504271
19333052
8916749
12566834
22622860
375858
16490876
10053226
15766997
3148127
11108761
9623035
4413148
17965045
16521223
17387446
10326334
10622016
16936391
19892627
3232799
18678571
15221621
14633804
2229529
8993254
9150811
11401110
12712781
16886144
9257206
2067506
15854087
18272891
17156104
10673519
279409
16138670
19948518
16462483
19562446
10404919
2799743
8301766
6863579
16940833
17174222
15556258
9007343
10908215
7532501
2679864
9627862
17509485
16737346
15023585
16397875
7665806
10406828
9465799
11372943
2051002
21382864
9873176
19609225
3353875
629218
7851281
11331141
18828342
11865836
17156002
3510687
16904524
15844495
9554895
2036818
1920650
7156248
15204012
16758243
18371487
14716693
4561391
3511930
15126745
19094450
7978695
19282413
10926942
11224634
15774786
10440439
2405348
3143750
8604261
20975066
20668835
1455306
16949180
17012004
3523909
14768770
14624201
7831649
19720365
8443666
12000207
3351819
10903599
16132406
3554658
9373422
18322263
10681768
1663466
20101013
2609241
6341720
18044772
3977557
15526307
15814161
12791448
15153855
19298572
11190754
11182731
17013734
21610263
2180105
7000170
17687129
3006228
7772369
17960408
15912203
17550040
3549879
17456571
7541448
10546696
6589669
2619026
21320217
2127561
15566133
7714224
2404436
11359886
16289676
7989631
9615498
5001717
11248591
15805203
17335320
17145426
17367893
2235167
11294919
19319693
12358242
5495528
2963054
20980427
15519185
12830403
6525812
9834259
7622801
1758710
10667618
3513083
8995348
9241285
18486419
15375799
17650935
8288661
1678921
10194425
7755827
20071702
15554765
21125215
19745648
15651513
7629414
16208802
14747225
9916056
2520931
17670133
12836810
9529407
17429726
20528992
19563951
12180109
18525396
3610509
22300651
1466871
1886022
12074203
2178534
14583740
336132
8534077
12021952
3411648
10823767
21035616
9048790
7616334
8455920
12391509
21335296
16720445
21478777
10839487
20110630
10845431
19514089
6760030
16396872
18703165
9096977
2589581
1653711
3890463
19698901
21479913
20381871
16820037
19969160
15066200
17168431
18373136
19341577
15179022
5460838
9313020
16623018
12842524
8676225
11966929
9506598
12383143
10096971
11421145
10457386
12691686
20097417
8111512
12755982
302373
12410780
9569434
18335118
12052800
8338943
2670188
18167048
4550199
15282232
7436066
2567756
20189239
10363731
11961625
1443440
19704068
11430936
1350338
19854395
10359405
14728633
16999648
19704064
3288434
18929013
14297280
15589385
9517606
5079408
2501394
12521968
11320899
19317200
2855297
3054373
9020448
6846435
9065296
7003429
20460331
10850381
16243127
17317205
17030096
18845605
2304134
19406291
6379803
3288723
11465936
17340069
16537563
11939866
16799184
16270608
12817155
11380220
19239860
16282192
3475619
16981945
5004629
2521641
10160376
1247222
19488646
508132
11511016
17509069
7917930
8872690
12687385
10749457
15660392
16831672
3521531
10837880
17106432
15998891
11333990
7231652
11553111
16645967
16022024
922458
19723707
12839376
16645968
9563529
3283804
19055885
8207316
14980069
18508207
17006066
4570523
12526069
8760738
1325076
11809642
16670387
16989011
15912981
12570110
21344811
17259484
2184706
10233192
17050890
17151160
12745109
7490386
3092689
18158074
4203555
21255253
20722845
17257456
17302515
18300265
15954049
16501533
2297157
16803675
801412
16124349
10604250
14569436
9161190
17551726
17236918
16724337
13723875
4147760
1860640
7710151
15798915
8739805
1582236
18480933
19565135
8539546
18476202
8894194
10998024
9192551
14970135
10069091
12972521
14162138
9060525
11561868
6425916
17329285
17271198
21680622
21062666
2931153
15302637
9742977
9742976
7967990
19673597
1968784
8134442
15697327
15863811
2872804
12389836
10195475
7760868
7608367
3390377
16754835
3545368
10639613
16685298
15006886
19433689
2258378
2258379
15072030
19052401
12165639
2919059
9620500
19570158
12807578
15627671
6422914
17076751
17885567
7960166
7960167
2087879
8921054
9684133
11738746
7935145
10920832
15930077
4395021
9710723
9403257
12040477
6810423
22133704
7701881
10213547
11828049
7492381
10862808
1642652
3379696
11218507
9234872
20483885
11446476
2569214
19277796
16243440
3873960
6386793
15451153
18549463
3470963
1308130
19053918
10738097
20734043
2691402
3124685
14585937
15238983
17587516
14585938
2527134
15634273
2516838
3430295
16285948
11062571
17350452
15946834
15747127
12416946
14523142
15224630
19758398
9625243
16623023
7979936
7547744
12356219
12595874
9661540
10326267
15696181
21596735
17418038
6304203
10746118
11268891
10493479
12499335
271002
15623608
12884887
19278083
8815570
15208594
15706464
15999046
17145742
9409569
18178525
3415798
21170277
16240623
19387413
18246387
10342350
7588171
7798528
6393510
11676730
17175424
19933747
12379552
20458090
21196929
5153092
11473908
15367045
8617897
18494813
12691786
20498181
16310552
1105489
594708
4555825
11806295
17823136
6375800
16944823
12650745
15590953
20107216
16304443
21869697
15870599
8960715
17379048
170634
11228276
18852398
787518
9153484
7005653
12071273
9771366
21384736
2841818
11437861
11437864
3056555
17698432
2851560
10790551
1356467
18559163
16710580
19523596
12232543
10790552
12118018
4605357
9505918
21231927
14991552
20482769
18087004
15274267
17588396
7873952
8078528
11697833
12964289
15111188
2502567
3927356
16878679
7843470
3904820
3116071
9239775
2264427
19483514
12767646
870782
1313078
18055007
15626162
2895596
21226754
6230059
21321292
15327804
15629605
8780566
11431296
4396165
3058445
18759980
10023505
4106909
10683053
10443094
21044715
12386036
17264106
3290299
11700410
4905774
18161896
105098
11230488
9649640
20357377
15334791
17452166
15117375
8918495
17726361
105097
105096
11403808
19682060
17617802
16801465
16715189
19181969
12070058
10581660
17288677
16168782
1887968
12847356
18326612
18326610
14742778
19014494
18006189
11355560
15358979
12234091
19124628
15270789
14769785
17825697
15811165
11120904
12879225
11710708
9501747
1733360
15871887
18155581
17563345
9448656
7048914
8297924
17059423
3555580
8112068
21350242
3088668
12956498
17043536
11177331
4150790
16472981
12897561
3794284
3929698
15364188
11928028
15969244
15378102
18034842
19403595
14669295
8572352
18823799
8752198
15064923
6372855
20179126
8174724
16862549
9227301
2405733
19574065
8549944
15151490
9437598
16863527
2251022
19951274
9313274
1904620
6653081
8425809
10193720
3519096
11499332
3132812
11136308
11136307
15071604
2140251
15198764
17391302
8426717
10765510
11222785
11236773
6791596
9017171
3067955
2874366
10226868
9220235
3358706
11216493
10809268
15172900
10750252
1638191
16342083
16194737
11314793
16194739
17223217
10220696
12801256
17986309
11832527
17319775
10907623
11889661
12682474
16818967
19729522
9261702
5710676
19699111
17229548
17053946
11383811
19387173
19486077
16954488
16194647
3908259
21470751
2502950
22998716
21450224
2192018
14558957
15993304
7640592
12789172
12568412
2656601
2997101
14189714
8673778
17029087
7004469
10566563
12140475
8849352
6988265
16029682
2102672
11601430
8971536
16926184
18509559
347099
10099740
17355644
8901853
9399753
21949432
18237696
11308436
18840107
18310694
15699654
16226397
14682412
17392542
11775043
18317601
15564951
17907113
15134414
1812146
11772834
17244833
6243916
18234321
12182257
58258
9645635
20541832
11553137
11689579
10429608
3060308
12183309
17499653
16564618
16835378
3236298
12544752
7851278
3517473
9547134
12237786
1412119
18692646
17050891
12237788
16039414
16089221
16787192
8044953
2741997
4380623
18752540
4386355
16950654
15042278
11668312
19118243
10449846
11907291
16047874
10750206
11517852
8605522
10993128
17300593
1924659
11039967
19843790
19011727
9172968
18562265
16838229
16724649
9738794
10577755
8313865
16202046
15212355
16051891
8919442
18453491
4154819
10598760
9450712
7758213
12204314
9916606
12351592
18372433
11106989
277401
18487568
20164474
4051273
20054944
11410428
15477703
9135927
11911557
17302660
356989
6225150
11919526
8497357
6801218
9093048
2143426
17964822
19507291
21620064
16938749
3540139
11341854
21498674
1373231
1899777
15983143
4567642
9801526
6406443
16969659
8202964
15607843
19349559
20492040
15760959
18447940
17943385
19767089
17149753
1457907
15769918
2110560
1069846
10425589
10808729
12168963
12352800
17257532
16180148
12927007
10964145
17027729
16198768
10807619
18245764
7689758
18223016
9540175
14238675
4001759
15129393
18539225
19486267
12638027
18824852
2689014
7977921
16118380
15227690
8455153
11795622
16447240
10955375
16753335
12925622
15823766
14861680
12666111
8302340
6754242
19186961
11251497
9081136
10622298
19923205
11526556
2120201
17565936
8209936
295120
7884019
2326519
15867860
3900856
10921218
1520054
15737664
7861197
2032114
7788827
1606429
12755665
12702891
9735932
10458255
12882865
8391792
6365424
19001508
8238713
2071200
2170088
1734386
7600346
20427683
12523578
9309369
19565569
2589261
18561589
12825328
11849797
17658663
12324782
18561584
16918535
12952517
2878088
8296092
8123269
3105681
9740864
15993860
7509509
14746870
19893466
9721958
2251921
8150304
14123444
15830647
19165109
19289710
18158199
12139647
14975544
9042992
4381422
992232
17689192
15381507
16518424
19839251
18805649
111704
1545850
3520308
19567452
7539109
19203476
19684043
2456682
20375190
7894258
9131723
17161060
12403738
12735583
10748957
8676624
16710858
10701730
11533423
12235507
866904
1390143
10506039
15812262
1390144
15236979
2507630
15570201
17156264
7869468
4923928
2491766
15680854
8381164
9358126
318741
11706112
16584436
11932085
15137554
16467702
19705345
8987323
20136677
16542286
12137725
6407503
6407502
6407504
12730420
18701019
19819004
12358325
2514430
20467617
8564107
10476618
15827365
3516186
17605699
2184513
2399925
7628204
12600867
17958887
21127322
19794165
6088166
18755784
8077888
10635188
59150
9039930
10094751
12617375
19604319
2195345
4401615
8263895
18208432
7908358
120339
15640980
16896051
12019669
9607529
16708003
10189646
19031222
20002510
16236879
19483372
17302652
21453381
17302650
8687199
11666130
18559634
9683361
8833557
9298173
10328861
9545995
15291677
10048641
14513456
12582754
10834419
11519502
10026684
8365838
8058229
19570388
3610511
11041534
10103301
9590643
10023893
6337712
12632130
1737710
1999715
17515020
20598077
8620226
2184994
12719164
18341378
18332052
9855324
2108712
18760492
11606503
12240812
19222654
10599912
4148037
16750496
9210279
773198
21529904
17131132
11352967
21259031
17061151
16318613
9971865
20850004
21148540
9139554
8857632
9786808
8746143
20702794
19726226
17593956
12610030
11597376
3891264
15529490
15477048
11158489
10491060
9087151
21992852
12821232
19577251
17315407
2317427
15901862
11379605
17315409
18973065
6754923
1656149
15194628
9232977
21990176
9550512
7795830
18242413
12963662
16505800
11082523
11740417
11803175
17123186
15287931
321181
15642026
15018343
9671343
16996172
19841453
17314337
6376208
18356109
11719664
10400458
12673463
22298585
12592084
20386063
21211558
18606439
12691318
9719328
18482350
15326246
2333596
17053058
3711252
11926722
10626971
2341458
11694666
20340011
17310047
8201149
17964789
6179534
321087
6102739
11481167
3485937
7044411
11772921
11550161
11880016
12236394
16270644
20018567
16936304
9731580
15377582
3307858
19464029
8596594
10048679
17132119
15829527
1911016
8171171
15706548
17545356
11158822
10102436
15741434
17122432
15244227
7556806
19421690
20633407
14668283
2501775
16015266
21997904
8175269
16845754
9767241
10868823
18768245
6366166
9726343
7011085
16506273
15233397
9360253
19668521
12706638
3812466
18370581
15070633
12907008
16357546
16782922
2115680
18949217
12859305
11360058
19664653
15457381
17935636
17174705
17327325
18485252
8638778
16203961
20421240
793437
9078199
2522746
17902520
2121951
2132565
14526151
4103980
2916540
19092335
9653476
20194881
15667657
9604976
19108786
9310876
12789464
7128394
7633704
16485612
17189464
12391951
9262037
15220012
6389779
10398312
21694864
369697
18164939
12033074
538213
17667837
11603453
9024439
11587988
15109188
17439907
6809036
12760978
18851861
10376693
9762946
9729942
11216978
16643264
3958683
12384193
12468909
9755259
12790943
19557391
17148514
16549460
16421677
19164402
15474700
3733830
15664003
9363869
9278462
22481696
2771374
19688321
17373638
8336223
8884013
6845046
4905142
16110136
10740141
16874005
15844075
1991748
15760970
9103739
6372935
6378236
16719026
8690826
20200301
7668039
7258945
19318384
17526456
19640922
9294465
10423050
8330089
16871094
9311323
18218147
2768542
10442547
12040303
20232173
162675
3275523
20059361
806293
2945705
19918588
9421348
10758521
21385466
5335015
2236455
18237866
20634175
12649101
17438179
17438178
9566570
17718288
11113068
14681639
12505817
14633533
17647298
17277036
16035063
9892909
18458145
17187983
4398782
15963861
15195724
2403486
16502744
9283926
3349312
15642030
9565715
18778967
15351759
16946216
10914438
3096221
18434457
10485679
10369424
12409965
1615177
9756679
9918238
2187877
15119922
11451595
6365158
8735046
19523014
15326237
10767728
10805184
1969197
8185457
15086765
10873356
1758201
15566514
12096294
2187948
11136260
15721731
17535232
8113113
19191775
11718638
2903604
15808142
15054373
21143436
18657736
12150618
9164424
3508764
10838252
17940147
6375840
1546154
11382277
10365928
8688343
11957164
8494129
1799916
7007454
12749508
12357142
15636619
16200556
10323611
16488376
3056045
19267842
15519257
22275296
8783533
15780221
3079969
14977302
18778120
7980254
21369788
10392481
16528138
11920415
18647310
15544888
11077389
15761020
6923418
17002722
21131165
17260162
1346817
15630513
15336749
2659299
12131705
9851958
3277760
21403575
9869717
1931398
9925060
12220747
16764623
1931397
19442346
16603437
18086027
17895883
20823124
18207017
11353965
21551510
17262145
3058537
7043864
8032307
17922167
17224356
8035946
15600384
15304029
19267733
19142552
17989948
16201937
3913558
11759464
19196106
6395773
21430512
6399218
10049955
12571295
17966531
9396403
1430977
15741004
2693404
9589648
14204414
14644671
9690979
9553537
7767151
9362354
10821361
18779511
7040351
18259094
7486869
11989514
11013273
17545300
7002375
3476523
8017507
8761844
12243918
19165436
372286
8154176
19263034
17215967
16434174
17037953
16808181
17547539
11567700
9820263
15797158
6697796
11439376
20882421
15718314
15368794
342149
4389702
11840224
8245337
1962157
17604143
9374925
16372905
21917440
11486720
20482476
22302951
2172402
16317012
2139269
11128345
19851159
8936360
8594426
8594425
13270998
17130196
8307222
15821899
17008536
8891089
162660
9499947
19194671
10086969
12612903
15986343
17405870
17466071
18400123
18202889
3523368
16384850
20148940
20613476
9817273
2284579
17403764
8113643
14048801
12496571
11230779
16888263
8507221
9554816
17060756
15004772
4597093
16968574
18698245
1741532
10097930
15336770
15487477
3886069
12972959
4937681
15009297
12202647
16827738
20060665
15363007
11138997
15066066
18337359
11115443
12691930
8396086
8115888
11412288
16905764
15505150
15149513
15689289
9761101
19329013
17563128
15298427
9363412
7297938
20538079
9809945
12243600
19819563
2065824
9572995
19252352
20207490
14709941
11172176
11141203
2518352
12692572
16084925
270395
15226331
22145255
9875644
788451
16075172
11159657
16880306
16088114
2547030
9089994
17174387
15904750
17591348
17591349
8626364
16365239
3683478
6346830
18996870
12699021
11875680
21905270
12578443
16149365
8452174
11964588
9768774
15730578
9768772
11704367
1427246
18795987
7306613
9668994
8004580
15232330
12006310
10102851
21091527
16442954
20460620
3318442
20220537
12584790
21432349
3073766
16955313
15143088
16595218
2661700
1745508
16703777
18539916
374449
20034947
7822046
16645293
2953312
7594152
18568274
14963719
14598357
285752
18495737
3426824
8628584
8683249
3111508
11837826
20067642
8556684
2405864
9823079
2630378
1662638
19060642
3922338
20202271
7924900
9280815
7552016
17599306
16274368
9583766
10768530
12473699
6326632
10964269
9517683
12746761
17944740
17356003
21677099
17173568
12022784
2677958
7677537
507505
1302331
18458964
12397530
359013
2283608
16388054
9397127
7205167
20854564
11812553
10659481
8737434
8593974
20854384
15562200
1984988
10362332
15319103
14985222
17397702
6213312
7047575
7998769
15617592
5653282
8722937
18926277
18563473
19177141
8660020
12455427
7973475
21045097
21409314
8628162
18927148
21226674
8638531
2495811
14996517
10363538
20510973
17130197
11296057
3826597
7587918
12964231
9709516
15917519
16238906
6957127
6342787
1654756
3425284
11766122
6253112
17563333
1503059
1546121
11147927
21067381
3146465
18629569
958658
15637558
18511355
21098340
15213046
12390903
11161394
2679397
18534438
8889909
16633139
3901675
2201481
10990596
15347372
15223097
16782204
20096223
11165465
1608408
8249556
19534614
17001471
8214733
19057053
6446314
20878324
12167548
2669346
20306017
17065044
16382035
15583955
20623037
18829151
12100779
8818853
4394685
21841720
18280375
14560166
12588572
6393805
16872940
19086953
8168887
6313595
19066176
7044154
15653036
16087013
10856105
9683362
418546
2858187
22544817
8152898
18377970
8455298
12389880
2083012
18424099
12709801
8672324
7788929
11765070
1398956
11488791
8520442
12634590
17157112
15824372
15031238
16364936
7747540
3935376
21182171
2945109
15337553
11058002
12562974
6658501
18673350
14585939
19594764
11163780
10884634
7797977
9989566
19734396
9674677
9065993
9364183
17650168
22503739
11679990
17984186
8360132
11476127
19392952
3886308
6775752
8406150
17264781
18252756
3133710
9306083
16818861
15058375
14746858
16223967
8150836
9062567
3484423
17570858
12463655
12066724
21470320
525266
19141065
19752076
5334978
16627439
11905866
11876598
17101886
12896935
21038024
15860237
18312804
16259546
3513801
7509495
17178490
3176084
17609306
9237141
15857105
1358133
16137113
12960786
7888692
6219689
399995
2505485
15259471
3115904
15365537
10929164
12757574
12853587
6826814
8078010
9086985
17214057
15880810
18935732
8874988
10724076
10204818
20696729
3300171
16361729
17898401
19435759
10761802
17593236
11472451
11137927
19145637
16047459
12915835
7823996
9574945
11529585
19800329
15141801
9294270
12540351
8746601
8777101
18482817
8083112
16244028
1821700
20683707
79027
17297068
11502787
15120931
2262649
19168537
10946050
342850
10095821
1708969
16164709
8149141
10829042
7887759
6435481
11797655
10701731
4378136
2667333
8323792
3541714
8335191
12143204
16625009
16042640
4460452
105101
16322964
7605179
11186596
9341430
11549952
17426275
10508816
11052900
15076814
19922726
12426500
3544625
9194719
20625015
11399136
16505433
18547293
3881418
14658972
14283021
2697239
9495433
1561975
18251623
9211675
18356656
2303961
18637924
7546872
14725516
19636533
8099640
14750614
16089140
13678870
8668059
7733122
9158465
17668530
18808597
15967914
8438659
1779005
17645482
2569600
10064632
8021700
11884967
20888994
16797162
10205211
15719917
11129765
20832982
18341664
17105795
12126682
12126683
8894861
8818848
3572279
17562639
15843702
2043179
18417894
9437338
8829162
17660155
10645355
387068
1908080
6225627
15470212
19541717
21216855
2502843
19124807
19323939
7581096
15242697
6955420
12149529
8998395
18192132
1324645
18087561
17159259
5641006
1524078
7669314
1263177
2243846
8451961
12015689
19767629
16570467
12687864
19797133
8449054
20478580
20216107
16960174
19801069
19054193
327814
8082525
8396081
10798755
15877748
15787663
20620518
9249100
7631676
9249106
9989713
7747554
18263885
16173138
15770171
2403697
9540015
15672012
4575496
12243825
2196954
2403699
12392122
1490692
21206443
3565526
17296417
12527953
12609940
18037257
15728645
19675115
15729064
11885848
20427749
20194844
1954640
12153376
19066370
18656872
10399110
8204290
12697866
8398955
19325469
9869250
18083272
6222756
9087480
2986508
12747810
8653235
4631743
6431461
3048153
18284860
7484777
7774173
3577722
16945613
19826296
11887193
19594842
2639667
9191523
18705632
10408559
14557958
11732835
19074463
14503438
8813271
22353457
11167431
7636666
15777293
4884240
16321132
17068655
19320912
23377299
8677772
9408667
18029202
7529468
2566391
22322126
22322124
8178915
11491626
17088142
7543781
11375363
20392515
11910258
19388893
14598412
11676788
12401757
21278165
2852111
16315281
18093246
12858325
17305788
15699235
3392421
16026361
1303408
19585472
8642881
3048155
16149980
7989938
10418861
11007222
9354513
7592505
15581196
1824621